425.0398441  
424.9381994  
425.1619793  
424.2611297  
426.2083761  
425.4815922  
424.9552697  
424.7393538  
424.8778297  
425.6379868  
425.2308437  
424.9710894  
426.1231996  
424.9403341  
425.2153884  
425.6846533  
425.555848  
426.0155975  
427.4119514  
425.6877732  
424.9714274  
426.1674298  
425.2886223  
424.7031521  
426.4579569  
426.9724926  
426.0422838  
425.4360666  
425.055226  
425.4169072  
425.930001  
426.2842649  
427.2277581  
426.9032916  
427.1005408  
426.6868556  
426.2994917  
426.5810597  
426.2230373  
426.2244792  
426.7744591  
427.0279174  
427.4506618  
427.4171242  
426.776165  
427.5799689  
427.5990734  
428.4149108  
425.8596501  
425.5924334  
425.8406277  
426.2660179  
427.1035878  
428.3202369  
428.7144888  
427.6296824  
427.0780236  
425.9719415  
426.1579418  
426.9542731  
427.740788  
426.3878618  
425.0185314  
425.9471896  
425.860243  
425.8023366  
426.034519  
426.1253161  
425.3882959  
425.5291531  
424.8218386  
425.2052794  
426.3733005  
427.9579627  
429.7618338  
427.536423  
425.3558619  
424.3371188  
424.6313135  
425.9885098  
427.3278877  
427.6279402  
428.158131  
427.1586201  
425.5122291  
425.4596416  
426.5845905  
428.0655012  
428.2545118  
426.2380546  
425.0329102  
425.0149644  
425.5455301  
426.304172  
427.4350061  
427.7092936  
427.9680261  
427.3029439  
426.1840071  
427.4070886  
426.6510003  
426.0087365  
427.3488627  
426.9600758  
428.119867  
427.7511885  
427.3620643  
427.195862  
426.5910046  
425.7238933  
425.9788936  
426.2025823  
426.7082592  
427.1190974  
426.008125  
425.6448662  
426.3595149  
426.8343453  
425.5676448  
426.3086151  
425.9675531  
426.6251444  
427.9050832  
427.479255  
427.2630561  
427.492101  
427.2917499  
426.7598703  
426.8601375  
427.7772361  
428.0223651  
428.9142558  
427.4118238  
426.6846568  
426.1655592  
426.9060555  
427.632365  
428.2927479  
428.1629939  
426.1175339  
425.75224  
426.2417769  
426.4729013  
428.2963608  
428.5939225  
427.5897857  
427.358205  
425.9090445  
426.243291  
426.8462338  
426.0923345  
426.7902702  
426.9514629  
428.1236715  
426.5570562  
426.1448492  
427.2170744  
427.0682337  
425.7325514  
425.4047912  
426.1213476  
427.2304767  
427.1532468  
426.2614285  
425.5675992  
424.6144264  
425.5680828  
425.4063241  
426.0586238  
427.1534105  
426.420186  
425.9597985  
426.6095709  
425.9380297  
425.5614863  
426.824246  
426.1108277  
427.1242976  
427.8233101  
428.9603384  
427.8264842  
427.5459746  
426.5715897  
426.8077413  
425.9557292  
427.3177971  
427.6988477  
428.053987  
428.0087985  
425.9366521  
425.5251935  
426.3718319  
427.3814148  
427.9808715  
427.4470219  
425.8955506  
425.4595686  
425.0394608  
426.2689189  
427.1140521  
427.6152585  
426.8316901  
427.3508151  
425.9764761  
426.336798  
425.950109  
425.1059252  
426.2161765  
426.0590437  
424.8308347  
426.2945011  
425.5888022  
425.6529126  
425.8309661  
425.6744074  
426.3509297  
426.6405354  
426.8017379  
426.7330657  
426.6293594  
426.9095229  
428.2688444  
427.2959831  
427.0861714  
425.5207959  
425.315664  
425.6263633  
426.3667592  
427.3604769  
429.001914  
427.5482919  
426.5784416  
427.0323059  
426.501029  
426.5374313  
426.9881849  
426.4466985  
425.5129588  
427.0188484  
426.2301714  
426.3344985  
427.0429075  
428.0213976  
425.6695356  
424.8904471  
425.8835992  
425.2381514  
425.072004  
426.5492465  
425.5853715  
426.0113643  
426.1910872  
425.6759947  
425.5688855  
426.2203096  
426.5586709  
426.9703671  
426.898118  
426.1088934  
427.6467801  
425.8550429  
425.4834629  
426.0968693  
426.6677687  
425.441778  
426.7734737  
426.247224  
426.3085881  
427.0303901  
426.4975898  
426.7236415  
427.2920781  
425.6670174  
426.5716082  
425.2453587  
424.0672467  
425.2635875  
425.7600859  
426.6479348  
426.8752185  
425.7099252  
424.7442347  
424.9727224  
424.8225868  
424.6344063  
426.0297846  
425.3325973  
426.5209273  
426.2122721  
427.4149074  
428.3505447  
427.9026747  
426.937139  
426.6553979  
426.324007  
426.3237874  
425.6657586  
427.1083773  
427.2000498  
427.526898  
426.5159273  
426.8273664  
426.2986615  
426.6097078  
427.142654  
426.4500654  
427.9681172  
427.2064912  
427.5412394  
428.7306924  
426.5907766  
425.801926  
426.4102505  
426.2692476  
425.9456479  
426.1581784  
426.8418722  
426.8655204  
428.3006852  
427.756991  
426.2609179  
425.7230081  
424.7396825  
425.2488349  
426.1984499  
425.6580857  
425.5767588  
426.2329818  
425.3484172  
424.4999361  
424.8886319  
425.7936964  
427.2521447  
426.1989603  
425.1407401  
424.3604566  
424.8847084  
424.4257077  
426.1869723  
426.390772  
426.4550015  
427.4903671  
425.9545342  
425.2362078  
426.283845  
425.3400512  
426.2626333  
427.1750789  
425.4996571  
425.141534  
425.7629966  
425.2811042  
426.079799  
425.4498247  
426.1210827  
